0 02691156 airplane 4045
1 02747177 ashcan 343
2 02773838 bag 83
3 02801938 basket 113
4 02808440 bathtub 856
5 02818832 bed 233
6 02828884 bench 1813
7 02843684 birdhouse 73
8 02871439 bookshelf 452
9 02876657 bottle 498
10 02880940 bowl 186
11 02924116 bus 939
12 02933112 cabinet 1571
13 02942699 camera 113
14 02946921 can 108
15 02954340 cap 56
16 02958343 car 3514
17 02992529 cellular_telephone 831
18 03001627 chair 6778
19 03046257 clock 651
20 03085013 computer_keyboard 65
21 03207941 dishwasher 93
22 03211117 display 1093
23 03261776 earphone 73
24 03325088 faucet 744
25 03337140 file 298
26 03467517 guitar 797
27 03513137 helmet 162
28 03593526 jar 596
29 03624134 knife 424
30 03636649 lamp 2318
31 03642806 laptop 460
32 03691459 loudspeaker 1597
33 03710193 mailbox 94
34 03759954 microphone 67
35 03761084 microwave 152
36 03790512 motorcycle 337
37 03797390 mug 214
38 03928116 piano 239
39 03938244 pillow 96
40 03948459 pistol 307
41 03991062 pot 602
42 04004475 printer 166
43 04074963 remote_control 66
44 04090263 rifle 2373
45 04099429 rocket 85
46 04225987 skateboard 152
47 04256520 sofa 3173
48 04330267 stove 218
49 04379243 table 8436
50 04401088 telephone 1089
51 04460130 tower 133
52 04468005 train 389
53 04530566 vessel 1939
54 04554684 washer 169